 943639206  -0.969274 0.0266183 -0.24454  -0.0754383 -0.982151 0.172305  72.4739 -4.96267 -10.5865
 943639206  -0.975909 0.0534663 -0.211523  -0.093195 -0.982757 0.159699  56.2966 -1.26596 -10.0861
 943639207  -0.982059 0.0429333 -0.183622  -0.079206 -0.981922 0.171916  37.1346 -4.45244 -10.5113
 943639207  -0.986092 0.0341601 -0.162653  -0.0668933 -0.981901 0.17719  30.0375 -5.49822 -9.82991
 943639217  -0.981902 -0.00166625 -0.18938  -0.0308955 -0.988131 0.150476  20.3476 -6.21912 -12.3254
 943639180  -0.963537 0.00356274 -0.267551  -0.0535111 -0.985422 0.161493  20.7745 -8.82962 -13.7499
 943639181  -0.956426 0.0106944 -0.291777  -0.0635532 -0.986015 0.154062  25.8156 -7.72722 -14.7001
 943639181  -0.95339 0.00719235 -0.301653  -0.0628252 -0.985581 0.157111  26.1595 -8.42253 -16.0866
 943639182  -0.957464 -0.0103684 -0.288368  -0.0441579 -0.985351 0.164724  22.516 -10.4109 -16.4814
 943639182  -0.949675 0.0184994 -0.31269  -0.0763591 -0.984914 0.155286  29.8002 -7.65217 -14.4777
 943639183  -0.954737 0.0435555 -0.294247  -0.0989493 -0.98281 0.155864  30.1492 -5.87199 -11.1294
 943639183  -0.955866 0.0632128 -0.286922  -0.116929 -0.981337 0.15266  27.8991 -4.5787 -11.6607
 943639184  -0.963949 0.0557963 -0.260173  -0.101164 -0.984526 0.14309  22.7592 -3.40559 -12.317
 943639184  -0.966591 0.0532611 -0.250728  -0.0952873 -0.985923 0.137388  20.1994 -2.21495 -12.4121
 943639185  -0.960753 0.0424162 -0.274143  -0.0927616 -0.983864 0.152995  24.5958 -5.21587 -12.4826
 943639185  -0.959381 0.0406573 -0.279169  -0.0957877 -0.981418 0.166262  27.179 -6.6663 -11.4498
 943639186  -0.965769 0.0387294 -0.256495  -0.0866027 -0.983712 0.157516  23.7528 -5.50308 -11.0379
 943639187  -0.968951 0.0289547 -0.245553  -0.074181 -0.984817 0.156951  23.9047 -6.04975 -11.3127
 943639188  -0.970448 0.0141889 -0.240893  -0.0598457 -0.984624 0.164115  21.8845 -7.72834 -13.3103
 943639189  -0.971234 0.00736739 -0.238013  -0.053227 -0.98434 0.168053  24.2095 -8.71831 -13.3819
 943639190  -0.968961 0.000279758 -0.247214  -0.0476014 -0.984757 0.167295  25.3143 -8.96653 -15.4617
 943639190  -0.969091 -0.0104992 -0.246481  -0.037062 -0.984735 0.17007  24.1189 -9.89369 -16.7157
 943639190  -0.969182 -0.0106425 -0.246117  -0.0366487 -0.984878 0.169329  24.087 -9.849 -16.6793
 943639191  -0.972418 -0.00998709 -0.233029  -0.0342727 -0.985261 0.167587  23.4495 -9.45783 -15.5822
 943639191  -0.975418 0.00248781 -0.22035  -0.0427617 -0.986234 0.15973  25.3489 -6.5308 -12.5243
 943639192  -0.972895 0.0127178 -0.230896  -0.0532313 -0.987079 0.151134  25.9393 -4.42663 -13.5538
 943639192  -0.975791 -0.00393122 -0.218671  -0.0321665 -0.989121 0.143542  24.0683 -4.06597 -14.3368
 943639193  -0.975867 -0.00757745 -0.218236  -0.0276806 -0.989675 0.140634  24.0881 -3.93622 -14.7778
 943639193  -0.976998 -0.00568709 -0.213173  -0.0292548 -0.989326 0.142753  24.3334 -4.1676 -13.902
 943639194  -0.975245 0.00709728 -0.221015  -0.0452055 -0.987772 0.149211  25.5187 -3.02508 -11.3669
 943639194  -0.977089 0.00316309 -0.21281  -0.0385997 -0.988795 0.1442  22.0171 -2.7181 -10.5399
 943639195  -0.977375 0.00399584 -0.211475  -0.039114 -0.988849 0.143696  21.9246 -2.54575 -10.297
 943639195  -0.976769 0.00176746 -0.214288  -0.038524 -0.988062 0.149165  22.9456 -3.5694 -10.449
 943639196  -0.97847 -0.00784087 -0.206241  -0.0327278 -0.984095 0.174602  22.0963 -7.3187 -9.81839
 943639196  -0.979904 -0.0116555 -0.199127  -0.0274535 -0.984215 0.174836  21.0249 -7.78247 -9.23367
 943639196  -0.979886 -0.0114985 -0.199228  -0.027294 -0.984507 0.173207  21.1018 -7.62362 -9.26345
 943639197  -0.980111 -0.0107646 -0.198158  -0.0279595 -0.984377 0.17384  21.2555 -7.68348 -9.24422
 943639198  -0.979239 -0.00817592 -0.202543  -0.0312282 -0.984487 0.172654  22.0692 -7.38092 -9.50565
 943639198  -0.975759 -0.00454124 -0.218799  -0.0368888 -0.985288 0.166872  25.4926 -6.14242 -10.7387
 943639198  -0.974895 -0.00734455 -0.222546  -0.0346849 -0.985416 0.166588  26.0871 -6.56245 -11.9741
 943639199  -0.975532 -0.0340868 -0.217198  -0.00887911 -0.983991 0.177995  23.9379 -10.1468 -13.9423
 943639199  -0.975337 -0.0400706 -0.217053  -0.00401852 -0.983003 0.183545  23.4356 -11.3455 -14.334
 943639200  -0.97529 -0.0423056 -0.216838  -0.00172184 -0.982983 0.183689  23.3468 -11.5131 -14.204
 943639200  -0.97541 -0.0424876 -0.216264  -0.00124263 -0.983124 0.182936  23.3816 -11.4481 -14.0178
 943639200  -0.975591 -0.0415763 -0.215626  -0.00203464 -0.98313 0.182895  23.3534 -11.3561 -13.8944
 943639201  -0.975658 -0.0418976 -0.215259  -0.00177495 -0.983014 0.183524  23.4296 -11.445 -13.8474
 943639201  -0.975973 -0.0406529 -0.214064  -0.00264688 -0.983137 0.182849  23.1329 -11.2395 -13.619
 943639202  -0.977155 -0.0371783 -0.209251  -0.00471887 -0.983534 0.180662  23.3971 -10.6505 -12.8279
 943639202  -0.975916 -0.00379751 -0.218114  -0.0379709 -0.984907 0.168866  30.7073 -6.51438 -12.0322
 943639203  -0.979943 -0.0304946 -0.196931  -0.00387715 -0.987757 0.155951  25.4101 -6.50522 -15.0542
 943639203  -0.979263 -0.0353431 -0.199485  0.0022721 -0.988953 0.148213  25.2776 -5.64598 -16.8245
 943639203  -0.979111 -0.0395251 -0.199446  0.00755145 -0.989615 0.143542  25.4414 -5.08546 -17.3745
 943639204  -0.98004 -0.0378302 -0.195168  0.00576744 -0.989105 0.147098  25.6652 -5.26706 -16.4689
